1012539
1000020
1003013
1003073
1004035
1004063
1004078
1001216
1001347
1001498
1001536
1001644
1003128
1003159
1004047
1004088
1004121
1004140
1004152
1004172
1004184
1004194
1006756
1006815
1006957
1007118
1007235
1007269
1008068
1008319
1008763
1008981
1009312
1009456
1010239
1010344
1017317
1017550
1017661
1017855
1000992
1001480
1001530
1001994
1002019
1002625
1002655
1003513
1003540
1004671
1004905
1004914
1005539
1005565
1006151
1006400
1006419
1008344
1008368
1008757
1008774
1009447
1009468
1010026
1025980
1025984
1000167
1000624
1000655
1000665
1000689
1000746
1000772
1000789
1002606
1002640
1012546
1012599
1012609
1012715
1012721
1012730
1012738
1000034
1000047
1000065
1000088
1000105
1029618
1029619
1000121
1000141
1000172
1000196
1000220
1029614
1029616
1029617
1029615
1000229
1000255
1000264
1000275
1000295
1000317
1000329
1000342
1000373
1000394
1000401
1000426
1000448
1000467
1000484
1000490
1000499
1000520
1000531
1000545
1000560
1000571
1000585
1000605
1000623
1000643
1000674
1000685
1000708
1000718
1000733
1000747
1000769
1000785
1000802
1029633
1029634
1029636
1029635
1000818
1000845
1000869
1000885
1000902
1000917
1000926
1000943
1000968
1000995
1001008
1001028
1001043
1001056
1001078
1001097
1001116
1001144
1001167
1001189
1001210
1001221
1001237
1001255
1001273
1001282
1001300
1001319
1001336
1001346
1001367
1001389
1001418
1001441
1001463
1001483
1001502
1001523
1001537
1001549
1001566
1001586
1001818
1001833
1001849
1001865
1029628
1029629
1001875
1001896
1001912
1001927
1001938
1001945
1029624
1029626
1029627
1029625
1001961
1001968
1001984
1002000
1002017
1002030
1002051
1002061
1002078
1002091
1002103
1002118
1002132
1002145
1002162
1002172
1002183
1002202
1002218
1002234
1002251
1002266
1002283
1002294
1002312
1002330
1002342
1002360
1002380
1002393
1002419
1002429
1002454
1002466
1002488
1002507
1002529
1002547
1002559
1002575
1002592
1029638
1029639
1029641
1029640
1002617
1002627
1002639
1002660
1002676
1002694
1002712
1002729
1002742
1002756
1002778
1002795
1002811
1002820
1002833
1002853
1002871
1002889
1002903
1002915
1002934
1002957
1002976
1002989
1003007
1003020
1003040
1003059
1003075
1003089
1003119
1003133
1003145
1003158
1003173
1003185
1003202
1003227
1003244
1003257
1005278
1005299
1005307
1005315
1005756
1005766
1006164
1006704
1006729
1006748
1006767
1006777
1006787
1006809
1006829
1006846
1006856
1006873
1006894
1006912
1006924
1006938
1006953
1006970
1006987
1006995
1007003
1007017
1007031
1007048
1007074
1007092
1007107
1007117
1007136
1007146
1007154
1007171
1007187
1007203
1007220
1007230
1007243
1007262
1007274
1007293
1007309
1007324
1007329
1000002
1000036
1000043
1000070
1000083
1000097
1000106
1000109
1000120
1000135
1000164
1000188
1000204
1000227
1000235
1000244
1000277
1000300
1000310
1000326
1000336
1000353
1000375
1000382
1000407
1000417
1000422
1000436
1000453
1000465
1000476
1000493
1000509
1000526
1000547
1000563
1000588
1000598
1000613
1000626
1000645
1000672
1000694
1000712
1000728
1000744
1000762
1000779
1000796
1000815
1000832
1000853
1000865
1000880
1000900
1000915
1000934
1000951
1000957
1000974
1000997
1001010
1001026
1001037
1001052
1001068
1001084
1001095
1001111
1001133
1001140
1001155
1001169
1001182
1001208
1001220
1001227
1001247
1001289
1001308
1001326
1001343
1001371
1001388
1001405
1001416
1001429
1001452
1001708
1001723
1001739
1001767
1001795
1001808
1001827
1001842
1001851
1001871
1001894
1001910
1001925
1001941
1001959
1001974
1001989
1002005
1002022
1002033
1002049
1002065
1002085
1002096
1002110
1002124
1002138
1002157
1002181
1002199
1002216
1002231
1002247
1002265
1002280
1002292
1002307
1002323
1002339
1002356
1002376
1002387
1002397
1002412
1002437
1002451
1002464
1002472
1002483
1002490
1002512
1002525
1002545
1002568
1002586
1002595
1002607
1002622
1002644
1002669
1002684
1002695
1002706
1002728
1002738
1002758
1002774
1002789
1002805
1002819
1002835
1002855
1002872
1002883
1002897
1002913
1002933
1002946
1002962
1002979
1002991
1003025
1003044
1003064
1003083
1003094
1003107
1003130
1003141
1003156
1003175
1003468
1003489
1003503
1003515
1003525
1003538
1003554
1003564
1003578
1003591
1003602
1003638
1003651
1003668
1003680
1003701
1003718
1003727
1003754
1003762
1003767
1003790
1003810
1003824
1003844
1003865
1003874
1003892
1003905
1003921
1003934
1003950
1003971
1003990
1004006
1004019
1004033
1004048
1004067
1004084
1004100
1004115
1004129
1004149
1004165
1004176
1004190
1004204
1004216
1004228
1004246
1004260
1004268
1004286
1004300
1004315
1004330
1004341
1004353
1004370
1004387
1004405
1004420
1004438
1004448
1029445
1004465
1004485
1004501
1004520
1004531
1004545
1004556
1004569
1004589
1004605
1004621
1004632
1004639
1004653
1004675
1004695
1004706
1004729
1004747
1004763
1004771
1004780
1004789
1004804
1004817
1004834
1004850
1004864
1004881
1004898
1004911
1029643
1029644
1029646
1029645
1004930
1004955
1004963
1004973
1004997
1005016
1005027
1005040
1005055
1005069
1005085
1005111
1005125
1005135
1005149
1005157
1005166
1005195
1029668
1029667
1005218
1005238
1005260
1005281
1005288
1005295
1005321
1005347
1005368
1005388
1005402
1005420
1005436
1005451
1005456
1005480
1005495
1005506
1005518
1005533
1005545
1005557
1005575
1005592
1005612
1005633
1005655
1005667
1005683
1005699
1005715
1005729
1005751
1005760
1005771
1005797
1005822
1005852
1005874
1005891
1005901
1005908
1005915
1005923
1005943
1005962
1005977
1005991
1006002
1006027
1006044
1006054
1006060
1006078
1006100
1006126
1029657
1029658
1029659
1029665
1029660
1029661
1029662
1029663
1029666
1007009
1007029
1007045
1007067
1007086
1007098
1007122
1007142
1007149
1007163
1007179
1007196
1007208
1007228
1007253
1007264
1007294
1007311
1007332
1007354
1007370
1007387
1007402
1007414
1007428
1007476
1007490
1007505
1007521
1007532
1007553
1007563
1007572
1007591
1007608
1007625
1007637
1007660
1007675
1007688
1007704
1007718
1007735
1007748
1007762
1007777
1007795
1007806
1007817
1007827
1007846
1007860
1007884
1007899
1007919
1007932
1029446
1007944
1007956
1007974
1007990
1008007
1008019
1008034
1008046
1008061
1008076
1008086
1008106
1008117
1008127
1008133
1008147
1008167
1008172
1008185
1008199
1008208
1008220
1008230
1008240
1008254
1008269
1008284
1008297
1008313
1008326
1008337
1008349
1008363
1008376
1008392
1008402
1008412
1008424
1029650
1029651
1029653
1029652
1008434
1008454
1008472
1008485
1008499
1008510
1008526
1008537
1008544
1008553
1008563
1008578
1008588
1008602
1008619
1008625
1008630
1008636
1008646
1008652
1029669
1029670
1008661
1008676
1008692
1008701
1008713
1008725
1008744
1008752
1008771
1008787
1008803
1008818
1008831
1008841
1008853
1008864
1008877
1008893
1008904
1008918
1008930
1008942
1008954
1008967
1008979
1008993
1009004
1009017
1009029
1009041
1009052
1009065
1009075
1009089
1009099
1009112
1009123
1009138
1009145
1009158
1009174
1009189
1009200
1009211
1009221
1009236
1009245
1009262
1009276
1009289
1009298
1009310
1009326
1009339
1009350
1009364
1009375
1009386
1009399
1009411
1009426
1009439
1009449
1009460
1009469
1009481
1009492
1009501
1009510
1009524
1009540
1009548
1009557
1009568
1009580
1009591
1009601
1009611
1009626
1009642
1009655
1009664
1009676
1009693
1009706
1009717
1009723
1009735
1009744
1009757
1009773
1009785
1009797
1009809
1009818
1009833
1009845
1009858
1009871
1009883
1009895
1009907
1009917
1009929
1009946
1009960
1009970
1009986
1010000
1010011
1010743
1010754
1010761
1010771
1011293
1011305
1011313
1011322
1011332
1011343
1011355
1011366
1011378
1011383
1011396
1011407
1011420
1011430
1011440
1011451
1011459
1011472
1011483
1011496
1011508
1011517
1011526
1011538
1011550
1011563
1011574
1011585
1011596
1011605
1011620
1011630
1011638
1011648
1011665
1011678
1011689
1011698
1011709
1011724
1011735
1029574
1029576
1029575
1029577
1011745
1011757
1011769
1011777
1011788
1029582
1029579
1029581
1029585
1029578
1029586
1029583
1029580
1029584
1011800
1011813
1011825
1011836
1011846
1011858
1011874
1011889
1011904
1011916
1011927
1028558
1011943
1011953
1011963
1011973
1011983
1011993
1012004
1012013
1012021
1012033
1012043
1012053
1012063
1012075
1012085
1012094
1012104
1012114
1012125
1012136
1012148
1012159
1012169
1012176
1012187
1012197
1012205
1029694
1029693
1012214
1012224
1012233
1029695
1029696
1012240
1012250
1012259
1012269
1029690
1029692
1029691
1012278
1012287
1012296
1029603
1029604
1012305
1029605
1029606
1012312
1012319
1012327
1012336
1012344
1012355
1012362
1012370
1012378
1012386
1012394
1012402
1012409
1012417
1012427
1012436
1012444
1012453
1012461
1012470
1029592
1012477
1012485
1012493
1012501
1012509
1012517
1012525
1012537
1029593
1012547
1012556
1012566
1012573
1012581
1012589
1012597
1012605
1012612
1012620
1012629
1012636
1029602
1029599
1029601
1029600
1012644
1012652
1012660
1029595
1029594
1029596
1029597
1012668
1029598
1012676
1012683
1029612
1029611
1012691
1012699
1012707
1012714
1012723
1012728
1012736
1012745
1012754
1012762
1012772
1012781
1012788
1012798
1012803
1012812
1012819
1012826
1012835
1012844
1012851
1012860
1012868
1012876
1012881
1012888
1012895
1012903
1012912
1012919
1012927
1012936
1012942
1012951
1012959
1012967
1012975
1012980
1012989
1012996
1013003
1013011
1013021
1013025
1013034
1029588
1029587
1029591
1029589
1029590
1013047
1013057
1013064
1013072
1029608
1029607
1013079
1029609
1029610
1013086
1013095
1013106
1013114
1013122
1013131
1013143
1013151
1013162
1013169
1013179
1013182
1013190
1013198
1013206
1013214
1013221
1013229
1013237
1013245
1013251
1013261
1013269
1013277
1013284
1013296
1013305
1013312
1013321
1013329
1013336
1013342
1013355
1013365
1013375
1013383
1013392
1013399
1013409
1013415
1013423
1013431
1013437
1013447
1013455
1013462
1013470
1013478
1013487
1013496
1013503
1013513
1013519
1013529
1013537
1013545
1013553
1014222
1014228
1014234
1014242
1014250
1014257
1014268
1014275
1014283
1014291
1014300
1014308
1014317
1014324
1014332
1014340
1014346
1014352
1014360
1014369
1014377
1014385
1014393
1014401
1014409
1014416
1014424
1014431
1014439
1014448
1014458
1014464
1014472
1014481
1014490
1014498
1014506
1014514
1014517
1014525
1014533
1014541
1014549
1014557
1014566
1014574
1014581
1014589
1014597
1014605
1014613
1014620
1014635
1014643
1014649
1014664
1014672
1014681
1014689
1014696
1014704
1014711
1014718
1014730
1014738
1014744
1014752
1014760
1014768
1014778
1014786
1014794
1014807
1014815
1014824
1014831
1014842
1014850
1014858
1014865
1014873
1014881
1014889
1014897
1014905
1014913
1014921
1014929
1014937
1014945
1014953
1014961
1014969
1014978
1014987
1014995
1015003
1015012
1015022
1015031
1015037
1015046
1015052
1015061
1015067
1015076
1015086
1015094
1015102
1015111
1015142
1015148
1015156
1015164
1015171
1015184
1015191
1015201
1015209
1015218
1015227
1015234
1015242
1015250
1015258
1015266
1015274
1015282
1015286
1015294
1015302
1015310
1015315
1015323
1015331
1015339
1015345
1015353
1015360
1015368
1015377
1015387
1015395
1015402
1015410
1015418
1015425
1015436
1015444
1015451
1015460
1015467
1015474
1015483
1015491
1015500
1015508
1015516
1015524
1015532
1015539
1015547
1015555
1015563
1015572
1015577
1015585
1015593
1015601
1015609
1015617
1015625
1015633
1015641
1015649
1015657
1015665
1015673
1015681
1015690
1015698
1015706
1015714
1015722
1015729
1015738
1015745
1015753
1015761
1015770
1015778
1015787
1015793
1015803
1015810
1015818
1015827
1015835
1015843
1015851
1015859
1015867
1015874
1015883
1015892
1015900
1015909
1015917
1015925
1015933
1015941
1015951
1015962
1015972
1015979
1015989
1015995
1016006
1016011
1016021
1016085
1016094
1016103
1016111
1016119
1016129
1016139
1016147
1016155
1016164
1016170
1016178
1016186
1016193
1016202
1016209
1016217
1029497
1016224
1029498
1029499
1016233
1016242
1016249
1029500
1016257
1016265
1016272
1016279
1016290
1016299
1016304
1016310
1016318
1016326
1016334
1016342
1016350
1016355
1016362
1016370
1016379
1016389
1016395
1016402
1016411
1016418
1016424
1016433
1016441
1016449
1016457
1016465
1016472
1016480
1016488
1016497
1016505
1016513
1016545
1016553
1016561
1016569
1029697
1016577
1029532
1029534
1029533
1016586
1016594
1016605
1016613
1016621
1016628
1016637
1016643
1029460
1016651
1016657
1016665
1016673
1016681
1016690
1016698
1016704
1016712
1016721
1016734
1016742
1016753
1016762
1016770
1016775
1016783
1016791
1016801
1016807
1029544
1029546
1029545
1016817
1016827
1016837
1016845
1016853
1016860
1016868
1016873
1016881
1016887
1016895
1016902
1016912
1016918
1016926
1016934
1029540
1029535
1029537
1029539
1029543
1029536
1029541
1029538
1029542
1016943
1016952
1016960
1016968
1016976
1016983
1016991
1017000
1017014
1017024
1017030
1017038
1017046
1017054
1017062
1017070
1017078
1017086
1017094
1017103
1017110
1017118
1017127
1029686
1029685
1017137
1029682
1017145
1017153
1017161
1029672
1029671
1017168
1029680
1029681
1017176
1017184
1017192
1017200
1029675
1029676
1029687
1029689
1029688
1017208
1017216
1017224
1017232
1017240
1029674
1029673
1017248
1017254
1029679
1029677
1029678
1017262
1029683
1029684
1017270
1017278
1017285
1017291
1017299
1017308
1017316
1017323
1017332
1017339
1017347
1017356
1017364
1017372
1017379
1017387
1017395
1017403
1017410
1017418
1029552
1029551
1017428
1017434
1017439
1017445
1017453
1017463
1017469
1017476
1017485
1017491
1017504
1017518
1017525
1017532
1029550
1017540
1017548
1017556
1017562
1017570
1029553
1017578
1017584
1017592
1017600
1017608
1017616
1017623
1017631
1017640
1017650
1029492
1029494
1029493
1017659
1017667
1029565
1029566
1017674
1029563
1029564
1017682
1029556
1029557
1029554
1029555
1029558
1029503
1017691
1017698
1017706
1029496
1017720
1017727
1017736
1017744
1017751
1017759
1017766
1017775
1017783
1017791
1017800
1017808
1017814
1017822
1017830
1017838
1017846
1017854
1017858
1017865
1029569
1017872
1017879
1017887
1017895
1029568
1017903
1017911
1017920
1017929
1017937
1017944
1017952
1017959
1017967
1017976
1017983
1017991
1029567
1017999
1018008
1018014
1018022
1018030
1018038
1018046
1018052
1018059
1018067
1018075
1018084
1018093
1018101
1018109
1018116
1018124
1018132
1018139
1018147
1018156
1018163
1018170
1018178
1018186
1029559
1029560
1029571
1029570
1029561
1018192
1018200
1018209
1018217
1018225
1018233
1018241
1018249
1018257
1018266
1018274
1018282
1018290
1018298
1018306
1018314
1018320
1018329
1018337
1018350
1018361
1018370
1018378
1018387
1018395
1018403
1018411
1018418
1018425
1018432
1018440
1018447
1018452
1018459
1018469
1018476
1018481
1018492
1018500
1018508
1018516
1018523
1018532
1018540
1018546
1018554
1018561
1018569
1018578
1018586
1029562
1018594
1018602
1018607
1018615
1018622
1018631
1018638
1018645
1018652
1018662
1018669
1018676
1018681
1018688
1018696
1018703
1018710
1018717
1018724
1018736
1018743
1018749
1029444
1018757
1018764
1018771
1029463
1029469
1018778
1018786
1029483
1018793
1018800
1018807
1018814
1018821
1018830
1018837
1018844
1018851
1018858
1018864
1018871
1018879
1018886
1018893
1018900
1018907
1018914
1018921
1018928
1018936
1018942
1018949
1018956
1018963
1018970
1018977
1018984
1018991
1018998
1019004
1019010
1019016
1019023
1019030
1019035
1019042
1019049
1019057
1019064
1019071
1019077
1019083
1019090
1019097
1019104
1019111
1019120
1019127
1019134
1019141
1019148
1019155
1019162
1019169
1019177
1019184
1019191
1019198
1019206
1019213
1019220
1019226
1019234
1019240
1019247
1019255
1019262
1019269
1019276
1019283
1019290
1019297
1019302
1019309
1019316
1019322
1019331
1019338
1019345
1019352
1019360
1019366
1019374
1019379
1019385
1019393
1019400
1019407
1019414
1019421
1019427
1019434
1019441
1019448
1019455
1019463
1019473
1019479
1019486
1019493
1019500
1019507
1019512
1019519
1019526
1019533
1019540
1019547
1019554
1019561
1019568
1019575
1019582
1019589
1019597
1019605
1019612
1019621
1019628
1019635
1019642
1019648
1019655
1019663
1019669
1019676
1019683
1019691
1019698
1019705
1019712
1019718
1019725
1019732
1019739
1019747
1019753
1019760
1019767
1019774
1019782
1019789
1019796
1019804
1019810
1019818
1019825
1019832
1019839
1019845
1019851
1019859
1019866
1019873
1019881
1019891
1019897
1019902
1019909
1019916
1019923
1019930
1019936
1019944
1019950
1019958
1019965
1019972
1019979
1019986
1019991
1019998
1020005
1020011
1020017
1020021
1020028
1020035
1020042
1020050
1020056
1020063
1020070
1020077
1020084
1020091
1020098
1020106
1020112
1020118
1020124
1020130
1020136
1020142
1020148
1020154
1020161
1020167
1020175
1020181
1020186
1020192
1020198
1020204
1020210
1020216
1020222
1020227
1020234
1020241
1020246
1020253
1020259
1020264
1020269
1020273
1020278
1020283
1020288
1020293
1020298
1020305
1020309
1020314
1020319
1020324
1020329
1020334
1020339
1020344
1020349
1020354
1020359
1020364
1020369
1020373
1020378
1020382
1020386
1020390
1020395
1020400
1020405
1020411
1020416
1020421
1020427
1020431
1020436
1020441
1020446
1020451
1020456
1020462
1020468
1020472
1020477
1020483
1020489
1020494
1020498
1020504
1020509
1020514
1020519
1020524
1020529
1020534
1020539
1020548
1020552
1020557
1020563
1020568
1020573
1020579
1020583
1020588
1020593
1020598
1020603
1020608
1020613
1020618
1020623
1020628
1020633
1020638
1020643
1020648
1020654
1020659
1020664
1020669
1020674
1020679
1020686
1020691
1020696
1020701
1020706
1020711
1020716
1020721
1020726
1020731
1020736
1020741
1020746
1020750
1020755
1020760
1020765
1020770
1020775
1020780
1020786
1020790
1020795
1020800
1020805
1020810
1020815
1020820
1020825
1020830
1020835
1020840
1020844
1020848
1020852
1020856
1020860
1020863
1020868
1020872
1020876
1020880
1020884
1020888
1020892
1020897
1020901
1020905
1020909
1020913
1020917
1020921
1020925
1020929
1020933
1020937
1020941
1020945
1020948
1020953
1020955
1020960
1020964
1020968
1020971
1020975
1020981
1020985
1020989
1020993
1020997
1021001
1021005
1021009
1021013
1021017
1021021
1021025
1021029
1021033
1021036
1021040
1021044
1021047
1021052
1021056
1021060
1021064
1021068
1021072
1021076
1021080
1021084
1021088
1021092
1021096
1021100
1021104
1021108
1021112
1021116
1021120
1021124
1021128
1021538
1021542
1021546
1021550
1021554
1021559
1021563
1021567
1021570
1021575
1021579
1021583
1021587
1021591
1021595
1021599
1021602
1021606
1021611
1021615
1021618
1021622
1021626
1001712
1001728
1029336
1029320
1029321
1029322
1029339
1029359
1001175
1001196
1001217
1001226
1001241
1001257
1001275
1001287
1001299
1011160
1011925
1012143
1012152
1012161
1012167
1012177
1012185
1012196
1012207
1012216
1012225
1012234
1012244
1012253
1012261
1012267
1012274
1012282
1012291
1012299
1012307
1012318
1012329
1012338
1012346
1012353
1012360
1012368
1012376
1012384
1012392
1012400
1012407
1012415
1012423
1012433
1012441
1012450
1012457
1012465
1012473
1012481
1012489
1012498
1012504
1012512
1012520
1012530
1012536
1012543
1012553
1012561
1012570
1012575
1012583
1012590
1012601
1012607
1012616
1012625
1012630
1012640
1012646
1012654
1012662
1012669
1012677
1012686
1012693
1012701
1012709
1012717
1012725
1012733
1012740
1012747
1012755
1012763
1012771
1012777
1012786
1012799
1012804
1012811
1012820
1012829
1012837
1012846
1012855
1012864
1012873
1012880
1012891
1012899
1012907
1012915
1012924
1012931
1012939
1012947
1012956
1012964
1012972
1012977
1012984
1012993
1013001
1013010
1013017
1013027
1013033
1013041
1013049
1013055
1013062
1013070
1013077
1013085
1013093
1013102
1013110
1013116
1013124
1013129
1013137
1013145
1013149
1013157
1013165
1013173
1013181
1013188
1013192
1013200
1013212
1021665
1021668
1021671
1021673
1021676
1021679
1021682
1021685
1021688
1021691
1021694
1021697
1021700
1021703
1021706
1021718
1021721
1021911
1021914
1021917
1021920
1021923
1021926
1021929
1021932
1021935
1022512
1022515
1022517
1022521
1022525
1022528
1022531
1022534
1022537
1022540
1022544
1022546
1022549
1022552
1022557
1009187
1009204
1009218
1009233
1009240
1009256
1009263
1009273
1009287
1001670
1001756
1002098
1002255
1002341
1002433
1002498
1002508
1002521
1002544
1002561
1002570
1002583
1002619
1002648
1002656
1002667
1002691
1002704
1002726
1002744
1002772
1002806
1002817
1002832
1002847
1002862
1002879
1002895
1002909
1002927
1002942
1002959
1002971
1002993
1003002
1003019
1003032
1003046
1003060
1003084
1003105
1003120
1003155
1003208
1003424
1003508
1004581
1004776
1004904
1004967
1005056
1005096
1005162
1005210
1005415
1005425
1005439
1005458
1005479
1005491
1005514
1005529
1005537
1005549
1005562
1005579
1005591
1005608
1005625
1005640
1005651
1005671
1005686
1005691
1005708
1005719
1005733
1005754
1005772
1005851
1005988
1007513
1007523
1007531
1007543
1007564
1007573
1007582
1007592
1007615
1007626
1007643
1007661
1007678
1007690
1007702
1007717
1007731
1007745
1007764
1007779
1007796
1007813
1007823
1007841
1007855
1007870
1007879
1007892
1007906
1007920
1007933
1007946
1007962
1007973
1007988
1008011
1008028
1008043
1008060
1008082
1008095
1008109
1008120
1008141
1008160
1008177
1008195
1008211
1008249
1008266
1008280
1008298
1008310
1008325
1008339
1008353
1008365
1008378
1008391
1008411
1008425
1008439
1008449
1008465
1008508
1010284
1010294
1010301
1010313
1010324
1010336
1010348
1010363
1010375
1010387
1010397
1010404
1010414
1010426
1010439
1010450
1010462
1010841
1010853
1010864
1010875
1010887
1010896
1010905
1010916
1010929
1010941
1010953
1010966
1010977
1010987
1010996
1011006
1011012
1011023
1011033
1011044
1011055
1011067
1011080
1011248
1011267
1011940
1011949
1011960
1011978
1011998
1012009
1012022
1012029
1012041
1012051
1012061
1012072
1012082
1012091
1012102
1012293
1012542
1012552
1012568
1012578
1012585
1012594
1012602
1012679
1012752
1012768
1012776
1012784
1012800
1012816
1012825
1012834
1012841
1012849
1012857
1012865
1012874
1012883
1012892
1012900
1012906
1012914
1012922
1012930
1012938
1012946
1012954
1012961
1012970
1012981
1012990
1012998
1013006
1013014
1013023
1013031
1013039
1013045
1013051
1013060
1013068
1013076
1013084
1013400
1013414
1013428
1013439
1013448
1013457
1013465
1013473
1013481
1013489
1013497
1013505
1013510
1013528
1013536
1013552
1013559
1013765
1016476
1016482
1016494
1016503
1016511
1016519
1016526
1016542
1016550
1016557
1016566
1016572
1016580
1016587
1016595
1016601
1016608
1016617
1016632
1016640
1016648
1016656
1016664
1016671
1016687
1016696
1016709
1016718
1016739
1016747
1016755
1016763
1016779
1017040
1017050
1017057
1017065
1017073
1017083
1017093
1017101
1017109
1017116
1017125
1017133
1017139
1017147
1017154
1017162
1017170
1017177
1017185
1017193
1017201
1017209
1017217
1017225
1017233
1017242
1017249
1017255
1017263
1017271
1017286
1017294
1017301
1017309
1017318
1017328
1017336
1017344
1017358
1017366
1017374
1017382
1017390
1017398
1017405
1017413
1017432
1017440
1017446
1017454
1017459
1017466
1017475
1017483
1017490
1017499
1017509
1017514
1017521
1017530
1017537
1017844
1017853
1017861
1017866
1017875
1017885
1017891
1017899
1017907
1017915
1017923
1017931
1017939
1017948
1017956
1017964
1017971
1017980
1017988
1017995
1018003
1018011
1018019
1018027
1018035
1018043
1018051
1018060
1018068
1018076
1018082
1018089
1018097
1018105
1018114
1018121
1018129
1018137
1018145
1018153
1018161
1018169
1018176
1018664
1018671
1018678
1018685
1018691
1018699
1018706
1018712
1018719
1018726
1018733
1018740
1018747
1018755
1018762
1018769
1018777
1018784
1018792
1018799
1018806
1018812
1018819
1018826
1018832
1018839
1018846
1018854
1018861
1019033
1019041
1019048
1019055
1019062
1019069
1019076
1019084
1019091
1019098
1019105
1019114
1019121
1019128
1019135
1019142
1019149
1019156
1019163
1019170
1019176
1019183
1019189
1019196
1019203
1019210
1019217
1019224
1019231
1019238
1019245
1019252
1019259
1019265
1019272
1019279
1019286
1019293
1019300
1019304
1019311
1019318
1019324
1019329
1019337
1020173
1020179
1020185
1020197
1020203
1020209
1020215
1020221
1020226
1020232
1020236
1020242
1020248
1020254
1020258
1020263
1020268
1020274
1020279
1020284
1020289
1020294
1021073
1021077
1021081
1021085
1021089
1021093
1021097
1021101
1021105
1021109
1021113
1021117
1021121
1021125
1021129
1021627
1021630
1021633
1021636
1021639
1021643
1021646
1021648
1021651
1021654
1021657
1021660
1021663
1022103
1022106
1022109
1022112
1022115
1022118
1022121
1022124
1022127
1022130
1022133
1022136
1022139
1022143
1022146
1022149
1022152
1022230
1022234
1022236
1022239
1022243
1022246
1022249
1022252
1022255
1022257
1022260
1022263
1022266
1022270
1022273
1022276
1022279
1022282
1022285
1022288
1022291
1022294
1022297
1022300
1022303
1022306
1022309
1022312
1022315
1022345
1022347
1022350
1022477
1022561
1022564
1022567
1022571
1022574
1022577
1022580
1022583
1022586
1022589
1022592
1022595
1022598
1022601
1022604
1022607
1022610
1022721
1022736
1022816
1022820
1022823
1022826
1022829
1022832
1022835
1022838
1022841
1022844
1022847
1022850
1022853
1022856
1022859
1022862
1022864
1022867
1022870
1022873
1022876
1023050
1023053
1023056
1023059
1023062
1023065
1023068
1023071
1023074
1023077
1023080
1023083
1023086
1023089
1023092
1023095
1023099
1023102
1023105
1023108
1023110
1023156
1023159
1023162
1023165
1023168
1023171
1023174
1023177
1023180
1023183
1023186
1023189
1023192
1023195
1023198
1023201
1023204
1023207
1023209
1023212
1023216
1023326
1023329
1023332
1023335
1023338
1023341
1023345
1023348
1023351
1023352
1023355
1023358
1023361
1023455
1023458
1023461
1023464
1023467
1023470
1023473
1023476
1023479
1023482
1023485
1023488
1023491
1023494
1023497
1023500
1023502
1023594
1023597
1023600
1023603
1023606
1023609
1023612
1023615
1023618
1023621
1023805
1023808
1023811
1023814
1023817
1023820
1023822
1023825
1023828
1023831
1023834
1023837
1023840
1023843
1023845
1023848
1023851
1023854
1023857
1023860
1023862
1023950
1023953
1023956
1023959
1023962
1023965
1023968
1023971
1023974
1023977
1023980
1023983
1023986
1023989
1023992
1023995
1023998
1024001
1024004
1024007
1024010
1024013
1024016
1024019
1024022
1024113
1024116
1024119
1024122
1024125
1024128
1024131
1024134
1024137
1024140
1024143
1024146
1024149
1024152
1024155
1024158
1024161
1024271
1024274
1024277
1024280
1024283
1024286
1024289
1024292
1024295
1024298
1024301
1024304
1024307
1024310
1024313
1024316
1024319
1024322
1024325
1024328
1024331
1024335
1024338
1024341
1024344
1024347
1024351
1024354
1024357
1024360
1024363
1024426
1024429
1024432
1024435
1024438
1024441
1024444
1024447
1024450
1024453
1024456
1024459
1024462
1024465
1024468
1024471
1024474
1024477
1024480
1024482
1000397
1000423
1000443
1000007
1000020
1000042
1000060
1000078
1000099
1000114
1000133
1000139
1000142
1000152
1000167
1000176
1000185
1000193
1000201
1000215
1000248
1000272
1000279
1000301
1000314
1000337
1000352
1000385
1000395
1000421
1000441
1000464
1000479
1000495
1000522
1000542
1000556
1000568
1000580
1000592
1000601
1000624
1000636
1000655
1000665
1000689
1000705
1000719
1000729
1000746
1000759
1000772
1000789
1000799
1000811
1000828
1000856
1000877
1000894
1000913
1000925
1000941
1000955
1000966
1000987
1001001
1001024
1001047
1001063
1001080
1001100
1001113
1001131
1001139
1001152
1001174
1001194
1001204
1001214
1001238
1001253
1001267
1001285
1001305
1001325
1001340
1001353
1001362
1001379
1001401
1001413
1001426
1001436
1001448
1001466
1001478
1001490
1001510
1001524
1029501
1029464
1001538
1001551
1001574
1001581
1001596
1001615
1001638
1001656
1001674
1001687
1001705
1001720
1001740
1001765
1001775
1001787
1001804
1001823
1001839
1001858
1001872
1001887
1001901
1001919
1001928
1001953
1001973
1001988
1002009
1002032
1002042
1002058
1002075
1002087
1002108
1002121
1002137
1002153
1002167
1002174
1002186
1002209
1002221
1002235
1002252
1002269
1002282
1002300
1002314
1002333
1002345
1002358
1002373
1002382
1002405
1002428
1002449
1002462
1002485
1002494
1002517
1002532
1002543
1002562
1002581
1002596
1002606
1002623
1002640
1002652
1002664
1002687
1002705
1002724
1002739
1002753
1002770
1002784
1002797
1002812
1002827
1002838
1002850
1002865
1002880
1002904
1002924
1002940
1002956
1002969
1002995
1029505
1003009
1003018
1029506
1003035
1003052
1003065
1003082
1003091
1003109
1003123
1003148
1003165
1003180
1003200
1003212
1003222
1003242
1003253
1003272
1003286
1003300
1003313
1003331
1003345
1003360
1003371
1003388
1003403
1003418
1003433
1018610
1000668
1000680
1005330
