1004852
1005107
1005120
1005141
1005152
1005167
1005177
1005185
1005207
1005217
1005239
1005259
1005269
1005799
1000011
1000037
1000066
1000098
1000123
1028570
1028571
1028572
1028573
1028575
1028574
1028576
1000143
1028568
1000174
1000200
1000212
1000239
1000268
1000288
1000318
1000334
1000349
1003010
1003024
1003039
1003050
1003058
1003076
1003092
1003106
1003122
1003142
1003164
1003181
1003195
1003219
1003240
1003261
1003274
1003290
1003307
1003319
1003339
1003347
1003362
1003379
1003393
1003411
1003427
1003439
1003451
1003466
1003480
1003490
1003504
1003517
1003531
1003546
1003562
1003576
1003595
1003613
1003627
1003639
1003653
1003667
1003681
1003697
1003712
1003725
1003731
1003752
1003771
1003781
1003799
1003817
1003830
1003846
1003864
1003887
1003904
1003918
1003927
1003946
1003965
1003981
1003993
1004011
1004026
1004040
1004052
1004065
1004079
1004097
1004112
1004128
1004143
1004160
1004177
1004191
1004205
1004217
1004230
1004240
1004257
1004276
1004291
1004307
1004321
1004337
1004348
1004363
1004381
1004398
1004412
1004425
1004442
1004456
1004464
1004480
1004491
1004504
1004517
1004528
1004540
1004554
1004570
1004583
1004592
1004607
1004620
1004630
1004642
1004665
1004689
1004712
1004720
1004732
1004749
1004756
1004768
1004791
1004807
1004819
1004836
1004851
1004870
1004892
1004917
1004938
1004956
1004977
1004995
1005005
1005012
1005024
1005031
1005049
1005065
1005083
1005100
1005109
1005131
1005143
1005172
1005182
1005200
1005212
1005231
1005241
1005263
1005285
1005303
1005314
1005334
1005341
1005348
1005358
1005365
1005373
1000362
1000388
1000413
1029789
1029788
1000419
1029791
1029790
1000437
1000450
1000470
1000486
1000491
1000504
1000516
1000534
1000546
1000573
1000595
1000604
1000620
1000635
1000651
1000676
1000693
1000704
1000713
1000726
1000742
1000756
1000770
1000788
1000807
1000827
1000839
1000852
1000868
1000893
1000912
1000936
1000973
1000990
1001009
1001027
1001049
1001073
1001079
1001096
1001121
1001134
1001150
1001164
1001178
1001197
1001218
1001235
1001254
1001271
1001286
1001310
1001321
1001335
1001359
1001376
1001386
1001412
1001420
1001427
1001447
1001465
1001476
1001494
1001506
1001527
1001546
1001569
1001592
1001608
1001621
1001632
1001649
1001666
1001680
1029793
1001698
1029792
1001714
1001731
1029795
1029794
1001747
1001760
1001778
1001796
1029797
1029796
1001813
1001831
1029799
1029798
1001846
1001863
1001877
1001900
1001911
1029801
1029800
1001929
1001948
1001969
1001983
1002004
1002020
1002036
1002054
1002072
1002088
1002101
1002115
1002131
1002147
1002169
1002182
1002196
1002211
1002217
1002237
1002260
1002275
1002288
1002306
1029803
1029802
1002325
1002337
1002353
1002368
1002377
1002383
1002408
1002421
1029805
1002440
1029804
1002461
1002471
1002499
1002510
1002520
1002536
1002553
1002565
1029807
1029806
1002577
1002599
1002615
1029809
1029808
1002633
1002646
1002657
1029811
1029810
1002666
1002680
1002702
1002716
1002735
1002748
1002765
1002782
1002800
1002815
1002834
1002849
1002863
1002878
1002893
1002910
1002925
1002939
1002948
1002961
1002977
1002994
1005382
1005397
1005407
1005417
1005427
1005443
1005463
1005470
1005489
1005507
1005519
1005543
1005554
1005571
1005589
1005607
1005626
1005642
1005652
1005666
1005682
1005698
1005713
1005725
1005740
1005757
1005768
1005779
1005788
1005806
1005812
1005820
1005838
1005850
1005870
1005890
1005909
1005931
1005956
1005964
1005976
1005987
1005996
1006015
1006024
1006046
1006065
1006081
1006093
1006114
1006134
1006145
1006156
1006177
1006197
1006211
1006223
1006238
1006255
1006268
1006282
1006295
1006318
1006338
1006353
1006365
1006383
1006405
1006417
1006427
1006443
1006462
1006480
1006502
1006519
1006536
1006549
1006559
1006573
1006594
1006611
1006633
1006649
1006663
1006681
1006693
1006703
1006711
1006724
1006744
1006763
1006783
1006806
1006814
1006836
1006845
1006854
1006866
1006876
1006889
1006905
1006920
1006931
1006945
1006962
1006984
1006990
1006998
1007005
1007018
1007032
1007041
1007059
1007081
1007099
1007111
1007119
1007132
1007144
1007166
1007181
1007193
1007215
1007225
1007240
1007255
1007265
1007275
1007289
1007304
1007318
1007326
1007341
1007355
1007368
1007381
1007391
1007417
1007429
1007440
1007457
1007472
1007485
1007503
1007527
1007544
1007554
1007571
1007590
1007603
1007613
1007631
1007648
1007665
1007677
1007689
1007703
1007716
1007730
1007740
1007753
1007765
1007778
1007803
1007818
1007835
1007849
1007868
1007885
1007895
1007911
1007930
1007941
1007953
1007967
1007979
1007989
1008001
1008024
1008039
1008074
1008084
1008103
1008118
1008135
1008149
1008158
1008165
1008182
1008194
1008212
1008227
1008237
1008253
1008268
1008281
1008295
1008311
1008329
1008343
1008358
1008369
1008389
1008406
1008421
1008431
1008443
1008457
1008476
1008493
1008506
1008517
1008530
1008548
1008564
1008572
1008586
1008606
1008617
1008638
1008658
1008668
1008682
1008697
1008709
1008724
1008733
1008747
1008754
1008766
1008778
1008789
1008802
1008822
1008828
1008847
1008861
1008869
1008887
1008903
1008911
1008922
1008934
1008951
1008964
1008976
1008997
1009010
1009018
1009030
1009042
1009054
1009066
1009078
1009087
1009097
1009107
1009116
1009128
1009139
1009147
1009155
1009167
1009176
1009193
1009208
1009220
1009227
1009237
1009248
1009265
1009277
1009324
1009333
1009346
1009358
1009369
1009383
1009389
1009404
1009418
1009428
1009436
1009448
1009461
1009471
1009483
1009496
1009503
1009514
1009529
1009545
1009555
1009563
1009577
1009587
1009600
1009616
1009625
1009635
1009648
1009660
1009673
1029817
1029816
1009685
1029819
1029818
1009698
1029821
1029820
1009710
1029823
1029822
1009725
1029825
1029824
1009739
1029827
1029826
1009750
1029829
1029828
1009762
1029831
1029830
1009777
1029833
1029832
1009790
1029835
1029834
1009802
1029837
1029836
1009814
1009823
1009836
1009849
1009861
1009876
1009889
1009905
1009913
1009923
1009941
1009947
1009958
1009971
1009981
1009995
1010008
1010022
1010034
1010048
1010062
1010076
1010092
1010106
1010120
1010131
1010135
1010150
1010161
1010168
1010180
1010190
1010207
1010220
1010229
1010235
1010247
1010256
1010268
1010280
1010292
1010307
1010318
1010328
1010337
1010347
1010358
1010367
1010377
1010386
1010400
1010409
1010418
1010428
1010436
1010448
1010461
1010468
1010479
1010490
1010498
1010510
1010521
1010533
1010545
1010555
1010566
1010577
1010588
1010598
1010609
1010620
1010630
1010640
1010647
1010658
1010669
1010681
1010690
1010696
1010709
1010719
1010728
1010740
1029839
1029838
1010746
1010759
1010770
1029841
1029840
1010781
1010797
1010805
1010814
1010825
1010835
1010843
1010854
1010869
1009286
1009300
1029813
1029812
1009315
1029815
1029814
1010880
1010891
1010903
1010914
1010927
1010939
1010949
1010958
1010969
1010979
1010992
1011003
1011016
1011031
1011039
1011049
1011065
1011078
1011089
1011099
1011109
1011120
1011131
1011140
1011149
1011161
1011172
1011183
1011194
1011203
1011216
1011226
1011236
1011246
1011259
1011269
1011278
1011291
1011302
1011310
1011325
1011336
1011344
1011354
1011367
1011380
1011390
1011400
1011414
1011425
1011434
1011447
1011461
1011475
1011487
1011499
1011507
1011522
1011535
1011551
1011562
1011573
1011584
1011594
1011606
1011615
1011628
1011644
1011655
1011663
1011677
1011686
1011697
1011710
1011719
1011729
1011740
1011751
1011763
1011771
1011781
1011790
1011801
1011810
1011822
1011834
1011847
1011861
1011872
1011884
1011894
1011906
1011917
1011929
1011938
1011951
1011961
1011971
1011981
1011990
1012000
1012011
1012018
1012026
1012036
1012048
1012058
1012068
1012076
1012086
1012095
1012105
1012115
1012124
1012135
1012145
1012155
1012170
1012181
1012188
1012200
1012211
1012220
1012230
1012239
1012247
1012256
1012266
1012276
1012284
1012292
1012300
1012310
1012321
1012328
1012337
1012345
1012352
1012366
1012374
1012383
1012391
1012399
1012406
1012414
1012422
1012437
1012445
1012454
1012462
1012469
1012479
1012487
1012495
1012503
1012511
1012519
1012526
1012531
1012538
1012548
1012554
1012562
1012569
1012577
1012584
1012592
1012600
1012610
1012618
1012626
1012634
1012643
1012651
1012659
1012667
1012674
1012682
1012690
1012698
1012702
1012710
1012719
1012727
1012735
1012743
1012751
1012759
1012767
1012775
1012783
1012791
1012796
1012805
1012813
1012822
1012830
1012838
1012845
1012853
1012861
1012869
1012877
1012886
1012894
1012901
1012910
1012917
1012926
1012933
1012941
1012950
1012960
1012968
1012979
1012986
1012995
1013004
1013012
1013022
1013030
1013038
1013042
1013052
1013059
1013066
1013074
1013082
1013090
1013098
1013105
1013111
1013118
1013128
1013136
1013144
1013152
1013159
1013167
1013175
1013186
1013197
1013204
1013210
1013220
1013227
1013235
1013243
1013252
1013260
1013267
1013276
1013282
1013292
1013302
1013311
1013317
1013324
1013334
1013345
1013352
1013360
1013368
1013378
1013386
1013394
1013402
1013411
1013419
1013427
1013435
1013443
1013451
1013459
1013467
1013475
1013482
1013490
1013498
1013506
1013514
1013522
1013533
1013541
1013549
1013557
1013567
1013578
1013586
1013594
1013602
1013610
1013617
1013627
1013636
1013645
1013655
1013663
1013671
1013680
1013688
1013695
1013703
1013710
1013718
1013724
1013732
1013740
1013749
1013759
1013766
1013774
1013782
1013788
1013796
1013803
1013811
1013820
1013828
1013836
1013844
1013852
1013860
1013867
1013875
1013883
1013892
1013901
1013908
1013919
1013927
1013935
1013943
1013951
1013960
1013968
1013976
1013984
1013993
1014003
1014011
1014019
1014024
1014032
1014040
1014050
1014057
1014063
1014074
1014082
1014090
1014098
1014107
1014115
1014123
1014132
1014138
1014148
1014156
1014164
1014171
1014178
1014186
1014195
1014201
1014209
1014217
1014224
1014233
1014241
1014248
1014256
1014263
1014273
1014281
1014289
1014297
1014306
1014316
1014325
1014333
1014341
1014349
1014354
1014362
1014370
1014378
1014386
1014394
1014402
1014410
1014418
1014426
1014434
1014440
1014447
1014454
1014466
1014473
1014480
1014488
1014497
1014505
1014513
1014518
1014526
1014534
1014542
1014550
1014558
1014565
1014573
1014582
1014590
1014599
1014606
1014615
1014624
1014631
1014639
1014647
1014655
1014663
1014670
1014679
1014686
1014694
1014702
1014709
1014720
1014724
1014734
1014747
1014755
1014762
1014770
1014776
1014784
1014792
1014800
1014806
1014817
1014822
1014830
1014838
1014846
1014854
1014861
1014869
1014877
1014887
1014895
1014901
1014909
1014917
1014925
1014933
1014941
1014950
1014958
1014966
1014974
1014980
1014992
1014999
1015009
1015016
1015023
1015028
1015038
1015049
1015055
1015062
1015071
1015079
1015083
1015090
1015098
1015106
1015114
1015120
1015128
1015135
1015143
1015151
1015158
1015172
1015179
1015187
1015195
1015202
1015211
1015219
1015226
1015235
1015243
1015251
1015260
1015268
1015277
1015289
1015299
1015306
1015314
1015322
1015330
1015338
1015344
1015352
1015362
1015370
1015376
1015384
1015392
1015399
1015407
1015415
1015423
1015431
1015439
1015447
1015455
1015463
1015472
1015480
1015486
1015494
1015502
1015510
1015518
1015526
1015535
1015543
1015551
1015560
1015567
1015580
1015588
1015597
1015607
1015615
1015623
1015630
1015639
1015646
1015654
1015664
1015670
1015678
1015686
1015695
1015704
1015712
1015720
1015728
1015736
1015744
1015752
1015760
1015769
1015776
1015783
1015791
1015799
1015807
1015815
1015824
1015830
1015840
1015847
1015854
1015862
1015868
1015876
1015882
1015889
1015897
1015905
1015913
1015920
1015928
1015935
1015943
1015950
1015961
1015971
1015975
1015987
1015997
1016003
1016012
1016018
1016026
1016036
1016047
1016050
1016060
1016067
1016074
1016082
1016092
1016102
1016110
1016117
1016127
1016135
1016144
1016152
1029843
1029842
1016160
1029845
1029844
1016166
1030029
1030028
1016175
1016183
1016191
1029847
1029846
1016199
1029849
1029848
1016207
1029851
1029850
1016216
1029853
1029852
1016225
1029855
1029854
1016232
1029857
1029856
1016359
1029883
1029882
1016367
1016372
1029885
1029884
1030033
1016378
1029887
1029886
1030032
1016390
1029889
1029888
1016240
1016248
1029859
1029858
1016255
1029861
1029860
1016264
1029863
1029862
1016273
1029865
1029864
1016284
1029867
1029866
1016293
1029869
1029868
1016303
1029871
1029870
1030031
1016313
1029873
1029872
1016321
1029875
1029874
1030030
1016329
1029877
1029876
1016337
1029879
1029878
1016345
1029881
1029880
1016399
1016405
1029890
1029891
1028617
1028620
1030039
1030038
1028621
1028618
1030037
1030036
1028619
1028639
1028640
1028642
1028641
1028643
1028644
1028645
1028646
1028647
1028648
1028649
1028622
1028623
1028624
1028628
1028629
1028630
1028634
1028631
1028632
1028633
1028625
1028627
1028626
1028635
1028636
1028638
1028637
1016415
1029892
1029893
1028606
1028607
1029955
1029954
1028608
1029957
1029956
1028610
1029959
1029958
1028609
1029961
1029960
1028577
1028578
1028579
1028586
1028587
1028588
1028584
1028583
1028585
1028581
1028580
1028582
1028589
1028590
1028592
1028591
1028593
1028595
1029939
1029938
1028596
1029941
1029940
1028594
1029943
1029942
1028597
1029945
1029944
1030035
1016422
1029894
1029895
1028611
1028615
1029963
1029962
1028613
1029965
1029964
1028612
1029967
1029966
1028616
1029969
1029968
1028614
1029971
1029970
1016430
1029896
1029897
1016437
1029898
1029899
1030034
1028598
1028600
1028599
1028601
1028603
1029947
1029946
1028602
1029949
1029948
1028604
1029951
1029950
1028605
1029953
1029952
1016445
1016453
1016462
1016471
1016477
1016486
1016495
1030041
1016502
1016510
1016518
1030040
1016525
1016533
1016541
1028661
1028666
1028663
1028667
1028665
1028664
1030073
1028668
1030074
1028662
1028726
1028733
1028732
1028728
1028734
1028727
1028729
1030076
1028731
1028730
1028669
1028670
1028671
1028674
1028673
1028672
1028675
1028676
1028678
1028680
1028682
1028677
1028684
1028681
1028683
1028679
1028655
1028656
1028657
1028658
1028659
1030075
1028660
1016548
1028702
1016556
1016564
1016574
1028700
1028703
1016582
1016592
1016602
1016610
1016618
1028701
1016626
1016633
1029901
1029900
1028704
1016642
1016650
1016660
1016668
1016676
1030043
1030042
1028650
1028652
1029973
1029972
1028654
1029975
1029974
1028651
1029977
1029976
1028653
1029979
1029978
1016732
1016743
1016754
1028705
1028709
1029985
1029984
1028706
1029987
1029986
1028708
1029989
1029988
1028710
1029991
1029990
1028707
1029993
1029992
1028721
1028724
1028725
1028723
1028722
1028714
1028718
1028717
1028716
1028715
1030072
1028720
1028719
1028711
1028713
1029981
1029980
1028712
1029983
1029982
1028685
1028686
1028688
1028689
1030070
1028690
1028691
1028693
1028687
1028692
1016684
1028735
1016692
1016700
1016710
1016716
1016724
1028738
1028737
1028736
1028694
1028697
1029995
1029994
1028698
1029997
1029996
1028699
1029999
1029998
1028695
1030001
1030000
1028696
1030003
1030002
1016759
1016768
1016777
1016786
1016793
1016800
1016809
1016815
1016825
1016831
1016839
1016847
1016855
1016863
1016874
1016883
1016891
1016899
1016907
1016916
1016923
1016932
1016939
1016947
1016956
1016964
1016972
1016980
1016988
1016997
1017004
1017010
1017018
1017026
1017033
1017041
1017048
1028739
1028740
1028741
1028742
1028743
1028744
1028745
1028746
1028747
1028748
1028749
1028750
1028751
1028752
1028753
1028754
1028755
1028756
1028757
1028758
1028759
1028760
1028761
1028762
1028763
1028764
1028765
1028766
1028767
1028768
1028769
1028771
1028772
1028773
1028774
1028775
1028776
1028777
1028778
1028770
1028779
1028780
1028781
1028782
1028783
1028784
1028785
1028786
1028787
1028788
1028789
1028790
1028791
1028792
1028793
1028794
1028795
1028796
1028797
1028798
1028799
1028800
1028801
1028802
1028803
1028804
1028805
1028806
1028807
1028808
1028809
1028810
1028811
1028812
1028813
1028814
1028815
1028816
1028817
1028818
1028819
1028820
1028821
1028822
1028823
1028824
1028825
1028826
1028827
1028828
1028829
1028830
1028831
1028832
1028833
1028834
1028835
1028836
1028837
1028838
1028839
1028840
1028841
1028842
1028843
1028844
1028845
1028846
1028847
1028848
1028849
1028850
1028851
1028852
1028853
1028854
1028855
1028856
1028857
1028858
1028859
1028860
1028861
1028862
1028863
1028864
1028865
1028866
1028867
1028868
1028869
1028870
1028871
1028872
1028873
1028874
1028875
1028876
1028877
1028878
1028879
1028880
1028881
1028882
1028883
1028884
1028885
1028886
1028887
1028888
1028889
1028890
1028891
1028892
1028893
1028894
1028895
1028896
1028897
1028898
1028899
1028900
1028901
1028902
1028903
1028904
1028905
1028906
1028907
1028908
1028909
1028910
1028911
1028912
1028913
1028914
1028915
1028916
1028917
1028918
1028919
1028920
1028921
1028922
1028923
1028924
1028925
1028926
1028927
1028928
1028929
1028930
1028931
1028932
1028933
1028934
1028935
1028936
1028937
1028938
1028939
1028940
1028941
1028942
1028943
1028944
1028945
1028946
1028947
1028948
1028949
1028950
1028951
1028952
1028953
1028954
1028955
1028956
1028957
1028958
1028959
1028960
1028961
1028962
1028963
1028964
1028965
1028966
1028967
1028968
1028969
1028970
1028971
1028972
1028973
1028974
1028975
1028976
1028977
1028978
1028979
1028980
1028981
1028982
1028983
1028984
1028985
1028986
1028987
1028988
1028989
1028990
1028991
1028992
1028993
1028994
1028995
1028996
1028997
1028998
1028999
1029000
1029001
1029002
1029003
1029004
1029005
1029006
1029007
1029008
1029009
1029010
1029011
1029012
1029013
1029014
1029015
1029438
1029016
1029017
1029018
1029019
1029020
1029021
1029022
1029023
1029024
1029025
1029026
1029027
1029028
1029029
1029030
1029031
1029032
1029033
1029034
1029035
1029036
1029037
1029038
1029039
1029040
1029041
1029042
1029043
1029044
1029045
1029046
1029047
1029048
1029049
1029050
1029051
1029052
1029053
1029054
1029055
1029056
1029057
1029058
1029059
1029060
1029061
1029062
1029063
1029064
1029065
1029066
1029067
1029068
1029069
1029070
1029071
1029072
1029073
1029074
1029075
1029076
1029077
1029078
1029079
1029080
1029081
1029082
1029083
1029084
1029085
1029086
1029087
1029088
1029089
1029090
1029091
1029092
1029093
1029094
1029095
1029096
1029097
1029098
1029099
1029100
1029101
1029102
1029103
1029104
1029105
1029106
1029107
1029108
1029109
1029110
1029111
1029112
1029113
1029114
1029115
1029116
1029117
1029118
1029119
1029120
1029121
1029122
1029123
1029124
1029125
1029126
1029127
1029128
1029129
1029130
1029131
1029132
1029133
1029134
1029135
1029136
1029137
1029138
1029139
1029140
1029141
1029142
1029143
1029144
1029145
1029146
1029147
1029148
1029149
1029150
1029151
1029152
1029153
1029154
1029155
1029156
1029157
1029158
1029159
1029160
1029161
1029162
1029163
1029164
1029165
1029166
1029167
1029168
1029169
1029170
1029171
1029172
1029173
1029174
1029175
1029176
1029177
1029178
1029179
1029180
1029181
1029182
1029183
1029184
1029185
1029186
1029187
1029188
1029189
1029190
1029191
1029192
1029193
1029194
1029195
1029196
1029197
1029198
1029199
1029200
1029201
1029202
1029203
1029204
1029205
1029206
1029207
1029208
1029209
1029210
1029211
1029212
1029213
1029214
1029215
1029216
1029217
1029218
1029219
1029220
1029221
1029222
1029223
1029224
1029225
1029226
1029227
1029228
1029229
1029230
1029231
1029232
1029233
1029234
1029235
1029236
1029237
1029238
1029239
1029240
1029242
1029243
1029241
1029244
1029245
1029246
1029247
1029248
1029249
1029250
1029251
1029252
1029253
1029254
1029255
1029256
1029257
1029258
1029259
1029260
1030066
1029261
1029262
1029263
1029264
1029265
1029266
1029267
1029268
1029269
1029270
1029271
1029272
1029273
1029274
1029275
1029276
1029277
1029278
1029279
1029280
1029281
1029282
1029283
1029284
1029285
1029286
1029287
1029289
1029290
1029291
1029292
1029293
1029294
1029295
1029296
1029297
1029298
1029299
1029300
1029301
1029302
1029303
1029308
1029309
1029310
1029311
1029312
1029313
1029314
1029317
1029334
1029432
1029433
1029434
1029435
1029436
1029437
1029342
1029345
1017056
1017064
1017072
1017081
1017091
1017098
1017108
1017114
1017122
1017131
1017141
1017150
1017156
1017165
1017172
1017180
1017188
1017196
1017205
1017215
1017223
1017230
1017239
1017247
1017257
1017264
1017272
1017279
1017287
1017296
1017303
1017311
1017319
1017327
1017335
1017343
1017351
1017359
1017368
1017375
1017384
1017392
1017400
1017409
1017416
1017424
1017429
1017441
1017450
1017455
1017465
1017472
1017482
1017487
1017497
1017503
1017511
1017519
1017528
1017535
1017543
1017551
1017559
1017568
1017576
1017585
1017593
1017601
1017609
1017617
1017625
1017635
1017641
1017648
1017658
1017669
1017678
1017684
1017694
1017702
1017711
1017718
1017725
1017733
1017741
1017749
1017757
1017767
1017774
1017782
1017790
1017797
1017805
1017819
1017827
1017834
1017841
1017849
1017881
1017888
1017896
1017904
1017912
1017918
1017926
1017934
1017942
1017951
1017960
1017968
1017975
1017984
1017992
1018000
1018007
1018016
1018023
1018031
1018039
1018048
1018058
1018065
1018074
1018080
1018090
1018099
1018107
1018115
1018123
1018131
1018140
1018148
1018154
1018162
1018172
1018181
1018188
1018196
1018204
1018213
1018220
1018227
1018234
1018243
1018252
1018260
1018268
1018275
1018283
1018291
1029360
1029363
1029364
1029365
1029366
1029367
1029368
1029369
1029370
1029371
1029372
1029373
1029374
1029375
1029376
1029377
1029378
1029379
1029380
1029381
1029502
1018299
1018308
1018317
1018326
1018335
1018342
1018349
1018356
1018365
1018372
1018379
1018386
1018396
1018404
1018412
1018421
1018429
1018438
1018442
1018450
1018458
1018468
1018475
1018480
1029903
1029902
1018487
1018495
1018501
1029905
1018509
1029904
1018517
1029907
1029906
1018525
1029909
1029908
1018534
1029911
1029910
1018542
1029913
1029912
1018550
1029915
1029914
1018558
1029917
1029916
1018565
1029919
1029918
1018573
1029921
1029920
1018581
1018589
1018597
1018605
1018613
1018620
1018629
1018636
1018643
1018650
1018659
1018665
1018672
1018679
1018686
1018693
1018700
1018707
1018714
1018721
1018728
1018734
1018742
1018751
1018756
1018763
1018770
1030045
1018776
1018782
1018788
1018795
1018801
1018808
1018816
1018822
1018828
1018835
1018842
1018845
1018852
1018859
1018866
1030044
1018874
1018881
1018888
1018895
1018902
1018909
1018916
1018923
1018930
1018937
1018944
1018951
1018957
1018964
1018971
1018979
1018986
1018993
1019007
1019012
1019022
1019029
1019037
1019047
1019054
1019061
1019068
1019074
1019082
1019089
1019096
1019199
1019205
1029923
1029922
1019212
1030047
1019219
1019227
1019233
1030046
1019241
1019248
1019254
1019261
1019268
1019275
1019282
1019289
1029382
1029383
1029384
1029394
1029398
1029399
1029397
1029395
1030078
1029396
1029411
1029414
1029413
1029412
1029400
1029484
1029385
1029388
1030055
1030054
1029386
1030051
1030050
1029387
1030053
1030052
1029392
1029393
1030057
1030056
1029389
1030079
1029391
1019680
1029416
1030005
1030004
1029415
1030007
1030006
1029417
1030009
1030008
1029418
1030011
1030010
1019687
1030013
1030012
1029422
1030015
1030014
1029419
1030017
1030016
1029420
1030077
1029421
1030019
1030018
1019695
1030021
1030020
1019702
1030023
1030022
1019716
1019722
1019730
1019737
1019749
1019756
1019763
1019770
1019777
1019784
1019791
1019797
1019803
1029927
1029926
1019811
1029929
1029928
1019817
1029931
1029930
1019824
1029933
1029932
1019831
1030059
1030058
1019838
1029935
1029934
1019846
1029937
1029936
1019853
1030061
1030060
1019860
1019865
1019878
1019886
1019895
1019901
1019908
1019915
1019920
1019927
1019934
1019941
1019947
1019955
1019960
1019968
1019976
1019983
1019990
1019997
1020003
1020009
1020016
1020024
1020031
1020040
1020047
1020054
1020061
1020068
1020075
1020082
1020087
1020096
1020101
1020109
1020116
1020121
1020127
1020133
1020139
1020145
1020152
1020158
1020164
1020170
1020176
1020182
1020188
1020194
1020200
1020205
1020212
1020218
1020225
1020230
1020237
1020244
1020250
1020256
1020261
1020266
1020271
1020276
1020281
1020286
1020291
1020295
1020300
1020304
1020310
1020315
1020320
1020325
1020330
1020336
1020340
1020345
1020350
1020355
1020360
1020365
1020370
1020376
1020380
1000046
1000521
1000537
1000557
1000574
1000593
1000625
1000641
1000654
1000666
1000683
1000703
1000720
1000738
1000773
1000790
1000813
1000833
1000844
1000862
1000879
1009165
1009171
1009180
1010507
1010519
1010528
1010542
1010553
1010575
1010585
1010596
1010607
1010617
1010631
1010641
1010651
1010663
1010674
1010683
1010693
1010700
1010708
1010721
1010735
1010747
1010758
1010769
1010846
1010858
1010865
1010877
1010888
1010900
1010909
1010920
1010928
1010935
1010946
1010959
1010972
1010983
1010993
1011004
1011017
1011024
1011038
1011437
1017295
1017304
1017312
1017320
1017326
1017334
1017342
1017350
1017360
1017367
1017376
1017383
1017391
1017399
1017408
1017417
1017425
1017431
1017437
1017444
1017449
1017461
1017471
1017477
1017484
1017493
1017502
1017510
1017515
1017523
1017534
1017542
1017549
1017557
1017565
1017573
1017582
1017591
1017599
1017607
1017614
1017624
1017630
1017638
1017646
1017654
1017662
1017670
1017676
1017687
1017692
1017700
1017712
1017719
1017726
1017734
1017742
1017750
1017758
1017764
1017772
1017780
1017788
1017796
1017804
1017813
1017821
1017825
1017833
1017842
1017850
1017857
1017864
1017871
1017877
1017884
1017892
1018318
1018327
1018336
1018344
1018352
1018360
1018367
1018375
1018383
1018392
1018399
1018407
1018416
1018426
1018434
1018441
1018448
1018457
1018463
1018470
1018483
1018489
1018497
1018504
1018512
1018521
1018530
1018538
1018547
1018555
1018564
1018572
1018579
1018587
1018595
1018603
1018611
1018621
1018628
1018634
1018642
1018649
1018656
1018663
1018670
1018677
1018684
1018692
1018698
1018705
1018713
1018720
1018727
1018732
1018741
1018746
1018754
1018761
1018768
1018775
1018781
1018789
1018796
1018802
1018810
1018817
1018825
1018831
1018838
1018847
1018855
1018863
1018870
1018878
1018885
1018892
1018899
1018906
1018913
1018920
1018927
1018933
1018940
1018947
1018954
1018961
1018969
1018976
1018983
1018990
1018996
1019005
1019013
1019019
1019025
1019031
1019036
1019045
1019053
1019060
1019067
1019075
1019081
1019088
1019095
1019100
1019109
1019116
1019125
1019131
1019138
1019144
1019151
1019158
1019165
1019173
1019181
1019188
1019194
1019201
1019208
1019216
1019223
1019229
1019236
1019243
1019251
1019258
1019266
1019273
1019280
1019287
1019294
1019306
1019314
1019320
1019327
1019334
1019341
1019348
1019355
1019362
1019369
1019376
1019383
1019390
1019397
1019404
1019411
1019418
1019425
1019433
1019439
1019447
1019453
1019460
1019468
1019476
1019483
1019490
1019497
1019505
1019511
1019518
1019525
1019530
1019538
1019545
1019552
1019559
1019565
1019571
1019581
1019586
1019593
1019600
1019607
1019614
1019618
1019625
1019632
1019639
1019646
1019652
1019659
1019666
1019673
1019677
1019684
1019692
1019697
1019704
1019711
1019719
1019726
1019733
1019741
1019748
1019757
1019765
1019772
1019780
1019786
1019793
1019800
1019807
1019814
1019821
1019828
1019835
1019842
1019848
1019855
1013232
1013248
1013255
1013398
1013407
1013417
1013425
1013433
1013440
1029451
1029452
1029456
1029461
1029462
1029472
1028560
1029439
1029443
1029447
1029453
1029457
1029468
1029473
1029475
1029482
1009165
1009171
1009180
1009190
1009205
1009226
